function B = bounds39()

B=[0.00000000, 1.00000000, 1.00000000, 1.00000000, 1.00000000, 1.00000000, 1.00000000, 1.00000000, 1.00000000, 1.00000000, 1.00000000, 1.00000000, 1.00000000, 1.00000000, 1.00000000, 1.00000000, 1.00000000, 1.00000000, 1.00000000, 1.00000000, 1.00000000, 1.00000000, 1.00000000, 1.00000000, 1.00000000, 1.00000000, 1.00000000, 1.00000000, 1.00000000, 1.00000000, 1.00000000, 1.00000000, 1.00000000, 1.00000000, 1.00000000, 1.00000000, 1.00000000, 1.00000000, 1.00000000, 1.00000000;
1.00000000, 0.00000000, 3.14849536, 12.06242361, 20.83374736, 21.08921929, 22.25669329, 34.90210084, 45.25118361, 48.97060441, 63.47308900, 63.47468241, 63.48424329, 50.19155716, 67.90913649, 68.91324196, 67.53059329, 90.55425600, 108.49305600, 114.70410000, 136.23558400, 136.21224100, 136.24492176, 97.14073600, 120.26850889, 78.37029729, 61.82676900, 100.58084100, 118.60952464, 99.42283521, 78.88104225, 78.88459489, 78.87216100, 127.89348100, 154.68394384, 152.59660900, 129.11776900, 183.06090000, 207.15844900, 185.88595600;
1.00000000, 3.07791936, 0.00000000, 12.06311824, 20.83374736, 21.08921929, 22.25669329, 34.90328241, 45.25118361, 48.97060441, 63.47308900, 63.47627584, 63.48583684, 50.19297409, 67.91078464, 68.91324196, 67.53059329, 90.55425600, 108.49305600, 114.70410000, 136.23558400, 136.21224100, 136.24492176, 97.14073600, 120.26850889, 78.37206784, 61.82676900, 100.58084100, 118.61170281, 99.42283521, 78.88281856, 78.88459489, 78.87216100, 127.89348100, 154.68394384, 152.62131600, 129.11776900, 183.06090000, 207.15844900, 185.88595600;
1.00000000, 5.74704729, 5.74704729, 0.00000000, 1.50356644, 1.73106649, 3.98281849, 5.92776409, 11.11355569, 13.42489600, 21.07177216, 21.07269025, 21.08187225, 13.94051569, 23.45949225, 23.74807824, 25.00400016, 38.01585649, 49.11066241, 53.02606761, 68.06415001, 68.06250000, 68.07240036, 54.18873769, 72.49841316, 63.36319201, 48.58787025, 83.47380496, 99.96400324, 82.41916225, 63.82252321, 63.82412100, 63.80814400, 102.61690000, 126.18028900, 83.25650025, 66.14568900, 106.09000000, 124.61256900, 104.87808100;
1.00000000, 2.45705625, 2.45674276, 1.45491844, 0.00000000, 4.87349776, 9.60442081, 7.31161600, 14.38229776, 18.00474624, 23.61765604, 23.61765604, 23.62834881, 18.02427025, 26.14174641, 26.44530625, 27.76973809, 42.75590544, 52.95909529, 57.02062144, 72.58188025, 72.58017636, 72.59040000, 58.22605636, 77.15865600, 78.35082256, 65.44810000, 102.05040400, 120.73614400, 104.00736256, 82.97205921, 82.97388100, 82.95566400, 112.10574400, 136.69584889, 91.83772224, 73.82246400, 115.75608100, 135.07088400, 114.48572004;
1.00000000, 2.31983361, 2.31952900, 1.67883849, 4.78559376, 0.00000000, 0.97950609, 2.25510289, 4.55651716, 5.78691136, 11.38927504, 11.38995001, 11.39400025, 6.21205776, 13.31155225, 13.75742281, 16.54374276, 24.24971536, 33.91548169, 37.42870041, 50.12781601, 50.11932025, 50.12923204, 38.40652729, 53.70544656, 48.71062849, 35.87650609, 66.51218025, 81.31350276, 87.21878881, 83.95507129, 83.95690384, 83.95140625, 79.74490000, 100.67914921, 62.81196516, 48.08867716, 82.83912256, 99.29723904, 81.75776400;
1.00000000, 4.33222596, 4.33305856, 3.90339049, 5.60079556, 0.94031809, 0.00000000, 4.68939025, 9.17423521, 11.21580100, 18.67363369, 18.67363369, 18.68314176, 11.71008400, 20.92513536, 20.16459025, 12.25000000, 32.11942276, 42.64090000, 46.96223841, 61.20089361, 61.19150625, 61.20089361, 47.88640000, 65.14749796, 35.87530816, 25.00000000, 51.33722500, 64.44396729, 69.71248036, 86.89595524, 86.91646441, 86.89222656, 71.34505156, 91.66147600, 77.78534416, 61.27758400, 99.90002500, 117.91788100, 98.72807044;
1.00000000, 2.75360836, 2.75360836, 5.83077609, 7.20385600, 2.19543489, 4.60317025, 0.00000000, 1.18439689, 2.36913664, 4.64704249, 4.64747364, 4.65178624, 2.37591396, 5.80279921, 5.94628225, 6.58281649, 14.70569104, 20.91507289, 23.49534784, 33.81887716, 33.81771409, 33.82469281, 24.27138756, 36.96518401, 37.79175625, 36.79271649, 54.73484289, 68.63956801, 73.23765241, 90.80565264, 90.82090000, 90.79802944, 62.16849409, 80.77695376, 47.32201681, 34.67207689, 64.88946916, 79.53964225, 63.93121849;
1.00000000, 0.32615521, 0.32615521, 6.06587641, 2.54625849, 4.47153316, 5.76000000, 1.14126489, 0.00000000, 4.66732816, 9.37951876, 9.38013129, 9.38441956, 4.70629636, 10.81423225, 11.17631761, 13.35171600, 21.17288196, 30.00738841, 33.08320324, 45.15840000, 45.15840000, 45.16646436, 34.00289344, 48.78463716, 49.54048225, 51.04959601, 54.25648281, 71.46504369, 79.29546304, 90.66277089, 90.68562441, 90.66086656, 46.18969369, 62.39894049, 33.53336464, 23.04000000, 48.53908900, 61.31203204, 47.71217476;
1.00000000, 0.01447209, 0.01444804, 6.21754225, 1.60630276, 5.69108736, 5.73171481, 2.30796864, 4.58131216, 0.00000000, 1.18831801, 1.18875409, 1.18875409, 6.37714009, 13.56817225, 14.02202916, 16.84938304, 24.57482329, 34.29976356, 37.86310089, 50.59619161, 50.58765625, 50.59619161, 38.84654929, 54.19020996, 54.67715136, 56.26200064, 75.76483849, 90.89143569, 96.11841600, 116.12217600, 116.12217600, 116.11571049, 80.20993600, 101.19756409, 63.22158144, 48.44716816, 83.30943076, 99.81009025, 82.22318329;
1.00000000, 0.00000000, 0.00000000, 1.96953156, 0.27910089, 5.06970256, 2.19543489, 4.56121449, 4.83648064, 1.14511401, 0.00000000, 3.14636644, 3.14743081, 12.07701504, 20.83557316, 21.10667364, 22.29161796, 34.89501184, 45.27944100, 49.04060841, 63.53843521, 63.53684100, 63.54800089, 50.15897329, 67.82675449, 68.94479089, 67.59141796, 91.27891600, 108.99360000, 114.76836900, 136.51585600, 136.53922500, 136.52754025, 97.18016400, 120.16325161, 78.38269156, 61.81104400, 100.58084100, 118.65091329, 99.39890601;
1.00000000, 0.00000000, 0.00000000, 1.96897024, 0.27910089, 5.06925225, 2.19454596, 4.56164164, 4.83604081, 1.14554209, 3.07581444, 0.00000000, 3.14920516, 12.07771009, 20.83557316, 21.10759249, 22.29161796, 34.89619329, 45.27944100, 49.04200900, 63.54002944, 63.53843521, 63.54800089, 50.16038976, 67.82675449, 68.94479089, 67.59141796, 91.27891600, 108.99360000, 114.76836900, 136.53922500, 136.53922500, 136.52987716, 97.19988100, 120.16544400, 78.38446225, 61.81104400, 100.58084100, 118.65309184, 99.40090000;
1.00000000, 0.00000000, 0.00000000, 1.96897024, 0.27793984, 5.07600900, 2.19395344, 4.56591424, 4.84220025, 1.14554209, 3.07686681, 3.07862116, 0.00000000, 12.08188081, 20.84561649, 21.11678209, 22.30200625, 34.90328241, 45.29424601, 49.05601600, 63.55597284, 63.55437841, 63.56394529, 50.17455556, 67.84487424, 68.96305936, 67.60950625, 91.29802500, 109.01448100, 114.78979600, 136.56259600, 136.56259600, 136.55324736, 97.19988100, 120.18079129, 78.39685764, 61.82676900, 100.60090000, 118.67052096, 99.41685264;
1.00000000, 0.01392400, 0.01392400, 6.89587600, 1.95944004, 6.11276176, 6.34435344, 2.31465796, 4.61992036, 6.27652809, 5.75808016, 5.75808016, 5.76480100, 0.00000000, 1.50185025, 1.72712164, 3.98202025, 5.91462400, 11.09755969, 13.42709449, 21.04790884, 21.04240384, 21.04790884, 13.90022089, 23.38786321, 23.70813481, 24.75560025, 38.44000000, 49.11767056, 52.99112025, 68.07570064, 68.08890256, 68.06910016, 54.70821225, 73.04437156, 63.36478404, 48.57253636, 83.47380496, 99.99000025, 82.38648289;
1.00000000, 0.00000000, 0.00000000, 1.96140025, 0.18576100, 6.96220996, 2.71887121, 5.70684321, 6.14345796, 7.07240836, 2.46270249, 2.46207481, 2.46207481, 1.45323025, 0.00000000, 4.86114304, 9.59574529, 7.27866441, 14.33455321, 17.95132161, 23.55743296, 23.55160900, 23.55743296, 17.97844801, 26.02938361, 26.36822500, 27.47227396, 42.99031489, 52.91544049, 56.93306116, 72.53247556, 72.54780625, 72.52736569, 58.71084129, 77.66015625, 78.74255169, 65.41574400, 101.90902500, 120.86803600, 103.95637681;
