% Cayley-Menger matrix
% non-symmetric, contains up/low bounds
%
function B = cm_mtrx()
 
B = [
0.0 1.0 1.0 1.0 1.0 1.0 1.0 1.0 1.0 1.0 1.0 1.0 1.0 1.0 1.0 1.0 1.0 1.0 1.0 1.0 1.0 1.0 1.0 1.0 1.0 1.0 1.0 1.0 1.0 1.0 1.0 1.0 1.0 1.0 1.0 1.0 1.0 1.0 1.0 1.0 1.0;
1.0 0.0 7.32682687696805 21.01650530988564 43.69520688815368 63.64197940072054 71.95320497535522 71.68326479711284 95.58418664948809 118.21719760493868 134.10302998317135 92.9147802378021 107.62703062069843 88.16930648829545 111.25235517587738 129.39557980059206 103.64495169348463 61.8577727478684 48.57475866740427 24.279132062877462 46.028598799193176 61.18016052683995 63.53403295262875 40.29220170680818 17.283972793154362 31.10727637810773 48.18598947376168 46.72816503013791 79.21228003891127 98.04055693210378 156.28880386323834 192.45202707028758 201.1941601897942 153.48352555842288 118.68259629443607 70.77393744851356 78.50194165247649 108.93462032002111 131.2275951804302 174.46280621710358 209.6419405494968;
1.0 7.28255045235253 0.0 7.337195268542801 19.104102702367687 28.511766961141117 33.75146476331334 37.947315601477825 55.857539226345565 71.63846772340818 91.04943802639286 60.963187990660074 74.34631250113067 66.6910715042275 89.41600121655067 116.57747905796151 92.06238164289141 47.85282188483452 42.87696122307995 20.553180235560937 28.158354041924053 47.67351922043947 60.485175687495804 33.96891344478387 21.904030671349034 49.10387907973332 64.53743180277671 48.838270577892075 80.26725794412144 87.12961777558816 137.35471514284555 159.0628093956236 164.86713648864543 125.31961004258054 86.4258231406528 48.5334618525218 54.2442462631577 85.28007527486594 101.82561139492272 131.83851546612388 162.6646534301516;
1.0 20.214652430271318 7.279624591305391 0.0 7.45491228133688 22.129795416971195 24.74513430299687 19.78854083104722 27.157378155146787 42.36326919035176 57.55842299043939 37.487283369212314 59.67189145326681 61.97155784148664 98.05844538176666 136.485994735466 120.57901405159788 68.62895968869705 53.79306774177229 24.793332131241865 22.176421087693292 31.169568218014792 39.38760944116599 14.716431614001198 14.799934290581907 42.96064919640749 49.650682607539935 27.355459105780813 47.52544806380684 49.787894541268145 85.07000252451142 99.56518434513697 105.89491314454648 80.1479256307487 47.49426990132519 19.533870380046938 22.02647560082652 45.567732423553345 61.74906299294896 82.47371445285522 103.19878372353843;
1.0 43.33904655620978 18.917774709378886 7.1966991261629625 0.0 7.429910593104484 16.66463419519507 20.12743735744987 17.499180476028886 18.80706968233949 26.665535114217548 14.526414036177083 27.755742912205328 36.970342488326 66.03360054981172 105.83239719182485 97.88803101721307 53.85514950727872 43.97796367845963 23.891971269134988 10.212000467028712 20.21640255432039 38.634100500460015 19.44105939798719 31.65963168649888 68.01207736546748 80.3829630788205 49.15797215336658 61.36599847934409 49.6608248147848 78.88821033620346 87.38343062860527 80.37593717715292 59.004885636906685 29.521951029465203 13.933839430616796 23.51566008169049 56.2912059416629 74.90969723728466 83.08368935366326 93.8239207010184;
1.0 61.911155227738256 27.85188730732148 21.798853776578095 7.198389388837125 0.0 7.359917725085501 22.285066711849314 23.547082979373734 19.02530673865803 33.4027934407397 25.071341343602704 30.31825860716999 44.77699251862437 65.07769976368256 103.76050838938018 88.10731589572806 48.77557776925932 53.59979911506855 41.328945080623406 20.95699524244092 43.299891889815164 77.03189513932989 50.88604817900435 64.3806772704154 114.64606778855513 133.51109162568363 91.53633013290164 110.29635608970368 91.23995448435392 124.54738823810237 126.2491506442937 113.20131189066208 92.46839704700862 52.32278347797494 37.69291647075727 46.39235607858397 87.36481616220631 97.55835673708323 97.02359659481297 112.72722822255047;
1.0 69.93814694486264 32.77112916459923 24.132896175485417 16.569748087063523 7.316395523034196 0.0 7.435038721699879 16.174573345383745 22.518877250511213 49.789339182728995 49.3796656156693 64.691833124193 87.09699229133622 115.42946962062864 165.1997737891311 140.25534279274117 86.93995259664626 94.25292455379149 69.7688824791278 47.049809299055994 73.82059634785615 103.56586055876639 64.5345646288246 77.39853750500629 132.01894145526657 137.9410276071512 91.82354462473499 119.54401868782637 106.41451326736626 138.7976126059549 129.64486151890605 129.94346205343817 118.20297169365416 67.98583524215316 46.09318551163984 41.102093178815714 71.26633466353539 67.50569012190708 67.1316896506406 91.02299831836194;
1.0 68.96058317657064 36.49791989451707 19.120336483177816 19.983168413829 21.82398678545547 7.312102407432793 0.0 7.308788675316503 24.01591496763342 53.14854443237719 55.19896308052677 84.90473210922612 109.81424233657292 151.67151108159248 211.67576620718816 188.29305436955505 121.82298544843017 117.15852079922603 80.34668898845689 58.42115876783399 74.22606060015643 93.7671814397732 51.346343616186836 64.02301666866407 112.23501803255941 106.45867724437815 62.19882590287724 87.16550766091677 81.37440966505679 103.75331318438516 94.78866358201003 107.74870723394268 100.97303616153157 55.83439688838991 33.41590936859701 19.21616319842651 34.8415615955881 30.856970681539735 34.40003732846554 55.59854963931573;
1.0 92.66337987750862 55.528992207458046 26.883669188099176 17.495913687212788 23.071330820034284 15.665702019773622 7.2229609516291085 0.0 7.3555228654913645 24.3629028596168 33.16501437436403 61.82740915105931 92.86242110027531 137.930885860038 201.05822066793854 191.78545668160422 128.89944084810014 115.54244498385394 80.87560468501172 50.629465959986234 57.005831681141565 74.34498659394323 42.833318538460475 68.77236872557602 115.8024141767233 109.00585963915688 61.295248154716376 73.09398254141037 56.678635673950005 68.44545385454427 56.2756323499756 60.95589459160415 61.031068707224804 26.776362976731495 17.92497641784758 10.595499698806544 27.614193008436235 31.052899295611414 26.637851962843722 33.66448782378002;
1.0 115.78544417556061 71.1724383908959 41.31950724353325 18.6309943719466 18.454017804506663 22.016674899374703 23.898841420162512 7.244136276051224 0.0 7.439471949407662 17.837966175133445 35.155595166460145 66.60818520150492 102.88443291363366 162.2358797052699 161.68720083150555 108.9459214892732 102.55275405552588 79.05510376379645 41.77741884976651 48.30884665635492 75.34835990319009 53.39292739867251 88.06138309490912 140.25415311094326 143.53378841647154 90.35383613402705 94.2641112862663 64.11152954796017 73.47580280551722 60.840391273863524 50.44983396203018 50.57816517020586 20.492052513270483 22.559071710556704 26.592725512193663 55.52653640955066 66.28417950713748 51.81441001184717 50.03369322799476;
1.0 133.1757626970698 89.33629632995849 55.328209725750135 26.283356879082547 32.23792998853496 48.68698746856104 51.6598769602132 23.86956817182765 7.1555688610537365 0.0 7.203749204366112 19.838462784821683 47.4359970012393 82.17692272963107 136.6082122328893 150.75054116084755 105.9313553353783 89.75064183054843 73.4590252356408 36.230054027340735 32.8082824648241 56.99575691477353 49.905805446968294 90.53146245464004 134.98254235190242 145.68077595628802 96.75325406753723 87.51655930433247 51.064313005273824 56.64649810640514 49.21530626358643 30.160433641776564 25.91981025156547 9.971440803235927 21.603529199889547 38.5561326161207 71.94186713866085 95.5907307371384 81.71150545079817 66.66160733654122;
