0,1,1,1,1,1,1,1,1,1,1,1,1,1,1,1,1,1,1,1,1,1,1,1,1,1,1,1,1,1,1,1,1,1,1,1,1,1,1,1,1
1,0,7.2826,20.651,43.567,62.932,71.2,70.009,94.029,117.17,133.76,91.398,107.23,86.856,110.84,128.02,103.09,61.098,48.43,24.26,45.444,61.098,62.741,40.274,16.947,31.049,47.413,46.445,77.996,97.962,155.98,190.55,199.73,151.72,117.41,70.074,78.295,107.03,130.74,172.7,207.18
1,7.2826,0,7.3371,19.054,28.352,33.602,37.203,55.742,71.609,90.29,60.3,73.747,65.974,89.166,114.65,90.565,47.579,42.036,20.381,27.708,47.291,59.561,33.297,21.413,48.559,64.115,48.818,78.717,87.022,137.14,158.65,162.74,125.05,86.302,48.057,54.021,85.251,101.71,129.47,159.83
1,20.651,7.3371,0,7.357,22.028,24.519,19.281,26.937,41.89,56.509,37.45,59.43,61.931,96.276,134.28,119.17,67.485,53.474,24.62,22.105,31.02,39.092,14.64,14.689,42.298,48.659,26.968,46.841,49.475,85.008,98.719,105.3,79.538,47.436,19.339,21.704,44.916,61.288,81.83,101.57
1,43.567,19.054,7.357,0,7.3191,16.665,20.087,17.499,18.788,26.484,14.297,27.755,36.732,65.452,105.35,97.711,52.861,43.368,23.844,10.051,19.881,38.04,19.334,31.219,67.08,79.945,48.693,60.949,48.945,78.439,85.831,80.102,58.525,29.331,13.687,23.479,55.584,74.192,82.036,92.298
1,62.932,28.352,22.028,7.3191,0,7.3599,22.137,23.262,18.715,32.76,24.929,29.957,44.103,63.748,102.77,88.107,48.263,52.895,40.797,20.645,43.211,75.38,50.344,64.167,113.27,131.76,90.683,109.92,91.083,124.03,123.75,111.79,91.809,52.06,37.076,46.352,86.53,96.867,96.069,111.24
1,71.2,33.602,24.519,16.665,7.3599,0,7.3972,15.777,22.164,49.225,48.541,64.002,86.15,114.15,162.55,138.38,86.11,92.808,69.328,46.82,72.443,103.29,64.535,76.771,131,137.74,91.333,119.12,106.34,136.63,127.67,127.77,116.33,66.694,45.864,40.488,69.862,66.994,65.754,88.912
1,70.009,37.203,19.281,20.087,22.137,7.3972,0,7.2679,24.016,52.663,54.957,84.616,109.45,151.6,208.54,186.41,121.4,116.55,79.404,58.395,73.591,91.963,50.801,63.2,110.15,104,60.827,85.864,80.527,103.55,94.001,106.22,100.88,55.293,32.842,18.891,34.238,30.348,33.998,55.583
1,94.029,55.742,26.937,17.499,23.262,15.777,7.2679,0,7.3254,24.29,32.722,61.615,91.528,136.65,198.75,190.29,126.66,115.04,80.378,50.568,56.023,73.976,42.814,67.861,114.18,108.55,61.239,72.258,56.153,67.957,55.645,60.719,60.97,26.478,17.713,10.397,27.2,30.795,26.359,33.365
1,117.17,71.609,41.89,18.788,18.715,22.164,24.016,7.3254,0,7.3731,17.643,35.156,66.365,102.85,161.86,161.67,108.77,101,78.545,41.593,47.911,74.876,52.844,86.615,137.74,142.39,89.955,93.034,63.735,73.225,59.705,50.45,49.809,20.315,22.433,26.578,55.074,65.026,51.362,49.189
1,133.76,90.29,56.509,26.484,32.76,49.225,52.663,24.29,7.3731,0,7.1924,19.705,46.632,81.205,136.51,149.83,104.28,88.964,73.077,35.503,32.714,56.985,49.466,89.074,133.44,144.51,96.145,86.194,50.166,55.845,48.602,30.134,25.92,9.9652,21.39,37.806,71.942,95.546,80.855,66.276
1,91.398,60.3,37.45,14.297,24.929,48.541,54.957,32.722,17.643,7.1924,0,7.342,19.834,47.678,89.812,101.29,63.6,47.073,35.961,11.873,10.509,30.459,28.266,56.061,90.815,109.67,74.367,67.472,39.417,57.07,63.656,43.869,25.74,12.312,15.326,38.749,77.888,109.58,106.9,97.312
1,107.23,73.747,59.43,27.755,29.957,64.002,84.616,61.615,35.156,19.705,7.342,0,7.3168,21.08,52.894,65.248,41.726,33.978,37.33,13.401,19.732,49.96,53.794,81.251,119.97,152.95,117.21,110.36,75.02,99.957,110.18,77.157,50.954,37.111,42.594,77.404,131.18,167.79,161.92,151.69
1,86.856,65.974,61.931,36.732,44.103,86.15,109.45,91.528,66.365,46.632,19.834,7.3168,0,7.2733,25.954,37.697,22.243,12.297,20.618,10.042,16.745,42.174,52.412,68.636,97.021,137.94,115.61,110.61,82.821,119.14,143.61,108.83,68.664,58.587,56.454,99.041,157.86,203.67,209.76,203.38
1,110.84,89.166,96.276,65.452,63.748,114.15,151.6,136.65,102.85,81.205,47.678,21.08,7.2733,0,7.242,16.346,14.366,14.692,36.482,28.442,45.107,80.529,94.171,106.74,139.05,193.63,172.04,170.68,138.63,185,213.83,168,118.44,105.16,101.87,153.89,226.6,275.34,280.52,277.27
1,128.02,114.65,134.28,105.35,102.77,162.55,208.54,198.75,161.86,136.51,89.812,52.894,25.954,7.242,0,7.2024,17.207,21.011,52.59,55.016,76.83,113.75,133.27,136.23,163.37,229.9,217.89,219.74,190.96,250.06,290.76,238.55,174.87,162.48,153.24,215,297.79,354.15,367.15,368.23
1,103.09,90.565,119.17,97.711,88.107,138.38,186.41,190.29,161.67,149.83,101.29,65.248,37.697,16.346,7.2024,0,7.3439,20.363,49.278,56.175,89.372,129.89,136.98,130.47,162.71,227.52,214.87,231.13,210.18,278.04,316.81,271.25,205.77,179.92,159.11,212.25,293.46,338.91,355.71,370.96
1,61.098,47.579,67.485,52.861,48.263,86.11,121.4,126.66,108.77,104.28,63.6,41.726,22.243,14.366,17.207,7.3439,0,7.2939,21.999,26.021,54.091,87.447,85.895,81.155,113.28,163.59,147.85,165.69,150.25,210.21,241.95,209.27,154.05,125.69,102.99,143.06,210.08,247.37,264.47,281.35
1,48.43,42.036,53.474,43.368,52.895,92.808,116.55,115.04,101,88.964,47.073,33.978,12.297,14.692,21.011,20.363,7.2939,0,7.2648,14.141,28.15,48.498,53.906,50.963,71.543,115.4,106.66,115.09,103.45,156.57,193.35,165.75,111.83,95.081,75.101,115.74,174.48,219.81,242.3,251.42
1,24.26,20.381,24.62,23.844,40.797,69.328,79.404,80.378,78.545,73.077,35.961,37.33,20.618,36.482,52.59,49.278,21.999,7.2648,0,7.3256,15.224,25.92,23.897,20.042,37.317,67.132,58.817,69.012,65.542,112.66,145.72,131.92,85.628,67.625,43.737,72.169,116.37,155.56,181.71,193.26
1,45.444,27.708,22.105,10.051,20.645,46.82,58.395,50.568,41.593,35.503,11.873,13.401,10.042,28.442,55.016,56.175,26.021,14.141,7.3256,0,7.2758,25.441,21.903,31.722,59.589,86.449,64.469,69.241,53.718,89.517,109.72,91.669,57.376,38.698,26.237,52.649,96.964,131.09,143.05,146.97
1,61.098,47.291,31.02,19.881,43.211,72.443,73.591,56.023,47.911,32.714,10.509,19.732,16.745,45.107,76.83,89.372,54.091,28.15,15.224,7.2758,0,7.1852,11.722,26.962,45.414,66.336,48.462,41.525,26.099,52.466,75.374,60.026,29.168,22.998,16.788,44.838,82.055,124.36,138.15,131.51
1,62.741,59.561,39.092,38.04,75.38,103.29,91.963,73.976,74.876,56.985,30.459,49.96,42.174,80.529,113.75,129.89,87.447,48.498,25.92,25.441,7.1852,0,7.3421,18.474,24.293,37.657,29.604,19.022,13.056,37.294,67.125,61.026,28.986,30.333,20.46,45.817,72.966,120.54,144.3,136.12
1,40.274,33.297,14.64,19.334,50.344,64.535,50.801,42.814,52.844,49.466,28.266,53.794,52.412,94.171,133.27,136.98,85.895,53.906,23.897,21.903,11.722,7.3421,0,7.4574,21.007,26.621,12.733,13.911,13.326,39,60.653,63.916,37.649,25.918,8.5,20.795,41.368,74.716,97.672,100.39
1,16.947,21.413,14.689,31.219,64.167,76.771,63.2,67.861,86.615,89.074,56.061,81.251,68.636,106.74,136.23,130.47,81.155,50.963,20.042,31.722,26.962,18.474,7.4574,0,7.2337,15.06,11.918,23.375,35.44,74.111,105.48,114.4,77.405,60.702,29.434,40.253,60.64,93.796,129.64,144.3
1,31.049,48.559,42.298,67.08,113.27,131,110.15,114.18,137.74,133.44,90.815,119.97,97.021,139.05,163.37,162.71,113.28,71.543,37.317,59.589,45.414,24.293,21.007,7.2337,0,7.1756,17.306,24.221,44.677,85.675,129.08,141.78,97.433,90.385,55.378,70.132,86.757,130.25,177.77,190.34
1,47.413,64.115,48.659,79.945,131.76,137.74,104,108.55,142.39,144.51,109.67,152.95,137.94,193.63,229.9,227.52,163.59,115.4,67.132,86.449,66.336,37.657,26.621,15.06,7.1756,0,7.2832,14.853,40.458,73.122,109.85,135.04,100.91,92.309,56.046,58.339,60.866,97.042,144.83,158.15
1,46.445,48.818,26.968,48.693,90.683,91.333,60.827,61.239,89.955,96.145,74.367,117.21,115.61,172.04,217.89,214.87,147.85,106.66,58.817,64.469,48.462,29.604,12.733,11.918,17.306,7.2832,0,7.3468,22.722,47.294,70.088,92.467,69.691,55.328,26.857,24.554,27.554,54.683,88.834,99.42
1,77.996,78.717,46.841,60.949,109.92,119.12,85.864,72.258,93.034,86.194,67.472,110.36,110.61,170.68,219.74,231.13,165.69,115.09,69.012,69.241,41.525,19.022,13.911,23.375,24.221,14.853,7.3468,0,7.3536,22.063,45.673,61.99,42.309,41.164,24.724,30.074,33.736,70.965,100.59,96.735
1,97.962,87.022,49.475,48.945,91.083,106.34,80.527,56.153,63.735,50.166,39.417,75.02,82.821,138.63,190.96,210.18,150.25,103.45,65.542,53.718,26.099,13.056,13.326,35.44,44.677,40.458,22.722,7.3536,0,7.3952,23.779,28.619,14.4,16.366,12.883,24.738,36.088,75.053,91.527,77.679
1,155.98,137.14,85.008,78.439,124.03,136.63,103.55,67.957,73.225,55.845,57.07,99.957,119.14,185,250.06,278.04,210.21,156.57,112.66,89.517,52.466,37.294,39,74.111,85.675,73.122,47.294,22.063,7.3952,0,7.2645,13.291,11.628,19.318,26.92,35.466,40.037,78.12,85.603,60.974
1,190.55,158.65,98.719,85.831,123.75,127.67,94.001,55.645,59.705,48.602,63.656,110.18,143.61,213.83,290.76,316.81,241.95,193.35,145.72,109.72,75.374,67.125,60.653,105.48,129.08,109.85,70.088,45.673,23.779,7.2645,0,7.3987,18.701,20.002,33.551,33.932,34.906,62.09,57.621,31.6
1,199.73,162.74,105.3,80.102,111.79,127.77,106.22,60.719,50.45,30.134,43.869,77.157,108.83,168,238.55,271.25,209.27,165.75,131.92,91.669,60.026,61.026,63.916,114.4,141.78,135.04,92.467,61.99,28.619,13.291,7.3987,0,7.1768,12.609,34.586,47.637,62.066,96.452,85.079,52.065
1,151.72,125.05,79.538,58.525,91.809,116.33,100.88,60.97,49.809,25.92,25.74,50.954,68.664,118.44,174.87,205.77,154.05,111.83,85.628,57.376,29.168,28.986,37.649,77.405,97.433,100.91,69.691,42.309,14.4,11.628,18.701,7.1768,0,7.237,22.098,43.817,66.13,108.55,107.05,78.649
1,117.41,86.302,47.436,29.331,52.06,66.694,55.293,26.478,20.315,9.9652,12.312,37.111,58.587,105.16,162.48,179.92,125.69,95.081,67.625,38.698,22.998,30.333,25.918,60.702,90.385,92.309,55.328,41.164,16.366,19.318,20.002,12.609,7.237,0,7.1078,20.058,42.173,71.684,68.649,52.329
1,70.074,48.057,19.339,13.687,37.076,45.864,32.842,17.713,22.433,21.39,15.326,42.594,56.454,101.87,153.24,159.11,102.99,75.101,43.737,26.237,16.788,20.46,8.5,29.434,55.378,56.046,26.857,24.724,12.883,26.92,33.551,34.586,22.098,7.1078,0,7.3274,26.359,51.535,59.702,56.672
1,78.295,54.021,21.704,23.479,46.352,40.488,18.891,10.397,26.578,37.806,38.749,77.404,99.041,153.89,215,212.25,143.06,115.74,72.169,52.649,44.838,45.817,20.795,40.253,70.132,58.339,24.554,30.074,24.738,35.466,33.932,47.637,43.817,20.058,7.3274,0,7.319,20.059,28.385,32.623
1,107.03,85.251,44.916,55.584,86.53,69.862,34.238,27.2,55.074,71.942,77.888,131.18,157.86,226.6,297.79,293.46,210.08,174.48,116.37,96.964,82.055,72.966,41.368,60.64,86.757,60.866,27.554,33.736,36.088,40.037,34.906,62.066,66.13,42.173,26.359,7.319,0,7.3692,19.122,24.714
1,130.74,101.71,61.288,74.192,96.867,66.994,30.348,30.795,65.026,95.546,109.58,167.79,203.67,275.34,354.15,338.91,247.37,219.81,155.56,131.09,124.36,120.54,74.716,93.796,130.25,97.042,54.683,70.965,75.053,78.12,62.09,96.452,108.55,71.684,51.535,20.059,7.3692,0,7.29,21.529
1,172.7,129.47,81.83,82.036,96.069,65.754,33.998,26.359,51.362,80.855,106.9,161.92,209.76,280.52,367.15,355.71,264.47,242.3,181.71,143.05,138.15,144.3,97.672,129.64,177.77,144.83,88.834,100.59,91.527,85.603,57.621,85.079,107.05,68.649,59.702,28.385,19.122,7.29,0,7.3685
1,207.18,159.83,101.57,92.298,111.24,88.912,55.583,33.365,49.189,66.276,97.312,151.69,203.38,277.27,368.23,370.96,281.35,251.42,193.26,146.97,131.51,136.12,100.39,144.3,190.34,158.15,99.42,96.735,77.679,60.974,31.6,52.065,78.649,52.329,56.672,32.623,24.714,21.529,7.3685,0
