0,1,1,1,1,1,1,1
1,0,1.1618,2.3375,4.6479,4.5693,4.6467,2.3192
1,1.1618,0,4.5976,8.0889,4.902,8.1335,4.6882
1,2.3375,4.5976,0,1.1455,1.1896,1.1724,6.3118
1,4.6479,8.0889,1.1455,0,3.0769,3.1457,6.5675
1,4.5693,4.902,1.1896,3.0769,0,3.0758,10.905
1,4.6467,8.1335,1.1724,3.1457,3.0758,0,10.416
1,2.3192,4.6882,6.3118,6.5675,10.905,10.416,0
