% input experimental bounds, before refinement
%
function B = bounds7exp()
B = [ 0 1 1 1 1 1 1 1;
 1 0 1.18330884 2.36821321 4.64790481 4.65264900 4.64704249 2.37961476;
 1 1.14019684 0 4.64057764 9.35319889 9.35931649 9.35136400 4.69285569;
 1 2.30705721 4.55480964 0 1.18875409 1.18962649 1.18744609 6.34536100;
 1 4.56206881 4.80267225 1.14554209 0 3.14743081 3.14565696 12.04992369;
 1 4.56676900 4.80793329 1.14639849 3.07686681 0 3.14636644 12.05617284;
 1 4.56121449 4.80311056 1.14425809 3.07511296 3.07581444 0 12.04714681;
 1 2.31831076 4.60660369 6.24500100 5.71114404 5.71735921 5.71210000 0];
%
% end of function bounds7exp
