% 83 atoms
% #unkn dists: 0(0,.01), 220(.01,.1), 30(.1,1), 3153(1,Inf)
% #unkn dists: 57(1,5), 146(5,10), 640(10,50), 2310(50,Inf)
% #unkn dists: 933(50,100), 1371(100,500), 6(500,1000), 0(1000,Inf)
% 783(100,200) 594(200,Inf) 919(150,Inf)

function B = bounds83()

B=[0.00000000, 1.00000000, 1.00000000, 1.00000000, 1.00000000, 1.00000000, 1.00000000, 1.00000000, 1.00000000, 1.00000000, 1.00000000, 1.00000000, 1.00000000, 1.00000000, 1.00000000, 1.00000000, 1.00000000, 1.00000000, 1.00000000, 1.00000000, 1.00000000, 1.00000000, 1.00000000, 1.00000000, 1.00000000, 1.00000000, 1.00000000, 1.00000000, 1.00000000, 1.00000000, 1.00000000, 1.00000000, 1.00000000, 1.00000000, 1.00000000, 1.00000000, 1.00000000, 1.00000000, 1.00000000, 1.00000000, 1.00000000, 1.00000000, 1.00000000, 1.00000000, 1.00000000, 1.00000000, 1.00000000, 1.00000000, 1.00000000, 1.00000000, 1.00000000, 1.00000000, 1.00000000, 1.00000000, 1.00000000, 1.00000000, 1.00000000, 1.00000000, 1.00000000, 1.00000000, 1.00000000, 1.00000000, 1.00000000, 1.00000000, 1.00000000, 1.00000000, 1.00000000, 1.00000000, 1.00000000, 1.00000000, 1.00000000, 1.00000000, 1.00000000, 1.00000000, 1.00000000, 1.00000000, 1.00000000, 1.00000000, 1.00000000, 1.00000000, 1.00000000, 1.00000000, 1.00000000, 1.00000000;
1.00000000, 0.00000000, 1.18417924, 2.36544400, 4.64273209, 4.64704249, 4.64402500, 2.37622225, 5.79798241, 2.25390169, 4.38483600, 4.38190489, 4.37646400, 5.93604496, 6.54489889, 14.73408225, 20.89221264, 23.42463201, 33.75958609, 33.76888321, 33.75726201, 24.36903225, 37.10028100, 37.90372356, 36.70299889, 54.39800025, 68.40944100, 73.36779025, 90.83233636, 90.83233636, 90.79802944, 62.17007104, 80.75897956, 47.32064100, 34.67089924, 64.88302500, 79.53785856, 63.93921444, 47.69697969, 47.70388624, 47.70112356, 86.60163600, 109.49529600, 107.33996025, 87.79690000, 133.08621769, 153.73520100, 131.76744100, 107.93132100, 107.93132100, 107.93132100, 163.63526400, 194.46302500, 141.08688400, 118.55289924, 170.43302500, 193.71072400, 202.80608100, 198.49992100, 198.49992100, 198.49992100, 204.71886400, 238.98068100, 216.32526400, 188.18352400, 252.30145600, 280.42851600, 250.46227600, 217.14969600, 217.14969600, 217.14969600, 294.63722500, 334.61189776, 284.86688400, 252.42854400, 325.98302500, 357.89072400, 370.06216900, 331.85908900, 331.85908900, 331.89552400, 372.91858321, 417.30318400, 417.33586944;
1.00000000, 1.14105124, 0.00000000, 4.66948881, 9.37951876, 9.38258161, 9.38319424, 4.71150436, 10.81291689, 4.55395600, 9.02762116, 9.02762116, 9.01921024, 11.17966096, 13.29623296, 21.26593225, 30.00848400, 33.02915841, 45.12614976, 45.13689856, 45.12346276, 34.14882969, 48.97480324, 49.82524569, 50.89395600, 54.28300329, 71.49040704, 79.30793025, 90.68371984, 90.68371984, 90.64944100, 46.19377156, 62.38630225, 33.53452281, 23.04000000, 48.53769561, 61.31203204, 47.72184561, 33.85028761, 33.85610596, 33.85377856, 67.54374225, 87.91125121, 86.29852609, 68.89000000, 109.52669025, 128.32358400, 135.69920100, 127.59961600, 127.59961600, 127.59961600, 137.40528400, 165.73987600, 116.43489025, 96.04000000, 143.20908900, 164.60890000, 172.97510400, 199.45912900, 199.43088400, 199.45912900, 174.76840000, 206.52564100, 185.49895204, 159.51690000, 218.92161600, 245.14164900, 217.20864400, 186.26790400, 186.26790400, 186.26790400, 258.43777600, 295.98449764, 249.32410000, 219.04000000, 287.87908900, 317.90890000, 329.34990400, 293.98531600, 293.98531600, 294.01960900, 332.07772900, 374.03560000, 374.05880836;
1.00000000, 2.30432400, 4.58345281, 0.00000000, 1.18831801, 1.18701025, 1.19028100, 6.35897089, 13.53724849, 5.78306304, 11.18902500, 11.19103209, 11.18166721, 14.00031889, 16.77967369, 24.62739876, 34.32436569, 37.76348304, 50.63176336, 50.64314896, 50.63034025, 38.96006724, 54.37440121, 54.90365409, 54.83106304, 75.35628864, 91.04403889, 96.40686969, 116.35936900, 116.35936900, 116.34858225, 80.22784900, 101.18951649, 63.23112324, 48.45412881, 83.31490729, 99.82207921, 82.24494721, 63.66444100, 63.67242025, 63.66444100, 107.72364100, 133.10236900, 131.10250000, 109.41160000, 159.42597696, 181.95312100, 162.99628900, 136.35232900, 136.35232900, 136.35232900, 192.70992400, 226.05122500, 167.72840100, 143.06312881, 199.60038400, 224.73008100, 234.48796900, 235.92960000, 235.92960000, 235.89888100, 236.54440000, 273.30702400, 249.03049249, 218.77368100, 287.50593600, 317.48112400, 285.57620100, 249.92448100, 249.92448100, 249.92448100, 332.58816900, 375.00709801, 322.23840100, 287.64160000, 365.84212900, 399.64008100, 412.45548100, 372.76024900, 372.76024900, 372.79886400, 415.49930244, 462.29300100, 462.31450225;
1.00000000, 4.55694409, 4.84044001, 1.14511401, 0.00000000, 3.14743081, 3.14636644, 12.05756176, 20.81640625, 11.38320121, 18.05060196, 18.04550400, 18.03446089, 21.07819921, 22.21236900, 34.96711689, 45.23235025, 48.92442916, 63.44122500, 63.45396964, 63.43803904, 50.28511744, 67.98991936, 69.07604544, 67.45336900, 90.82090000, 108.68062500, 114.92268804, 136.53922500, 136.53922500, 136.50417225, 97.19988100, 120.14571321, 78.38446225, 61.81104400, 100.58084100, 118.65527041, 99.41485849, 78.86683249, 78.87571344, 78.87216100, 127.26096100, 154.70384400, 152.57190400, 129.09504400, 183.01219524, 207.10088100, 185.85868900, 157.32684900, 157.35193600, 157.35193600, 218.56665600, 253.98796900, 191.90560900, 165.44647876, 225.90090000, 252.58744900, 262.92622500, 263.86753600, 263.86753600, 263.83504900, 265.10352400, 303.94435600, 278.30580625, 246.23886400, 318.90816400, 350.43840000, 316.84000000, 279.25752100, 279.25752100, 279.25752100, 366.30132100, 410.74723561, 355.43560900, 319.05104400, 401.16084100, 436.47566400, 449.90652100, 408.40368100, 408.40368100, 408.40368100, 453.07676736, 501.89440900, 501.90785089;
1.00000000, 4.56121449, 4.84836361, 1.14383025, 3.07686681, 0.00000000, 3.14778564, 12.06033984, 20.82553225, 11.38522564, 18.05910016, 18.05400100, 18.04295529, 21.08738241, 22.22179600, 34.97184769, 45.24580225, 48.93841936, 63.45715600, 63.46990224, 63.45396964, 50.29930084, 68.00641156, 69.09266884, 67.46979600, 90.83996100, 108.70147600, 114.94412944, 136.56259600, 136.56259600, 136.52754025, 97.19988100, 120.15667456, 78.39331600, 61.82676900, 100.60090000, 118.66616356, 99.42482944, 78.87571344, 78.88637124, 78.87216100, 127.26096100, 154.72872100, 152.57190400, 129.11776900, 183.02572369, 207.12966400, 185.88595600, 157.35193600, 157.37702500, 157.37702500, 218.59622500, 253.98796900, 191.90560900, 165.45934161, 225.90090000, 252.58744900, 262.95865600, 263.90002500, 263.90002500, 263.86753600, 265.13608900, 303.94435600, 278.32248900, 246.27024900, 318.94388100, 350.47584100, 316.87560100, 279.25752100, 279.25752100, 279.25752100, 366.33960000, 410.76750276, 355.43560900, 319.08676900, 401.20090000, 436.51744900, 449.94894400, 408.44410000, 408.44410000, 408.44410000, 453.09805321, 501.89440900, 501.93025444;
