% Cayley-Menger matrix
% non-symmetric, contains up/low bounds
%
function B = cm_mtrx_1anp_state2()
 
B = [
0.0 1.0 1.0 1.0 1.0 1.0 1.0 1.0 1.0 1.0 1.0 1.0 1.0 1.0 1.0 1.0 1.0 1.0 1.0 1.0 1.0 1.0 1.0 1.0 1.0 1.0 1.0 1.0 1.0;
1.0 0.0 7.455059779055184 12.959543371908849 31.99452655656846 44.13716465581916 74.87829845267882 104.11514074121996 106.98692610761337 154.46252765547263 177.96488890765505 147.1503866636834 114.85948523211478 73.72389908231827 48.80802092580236 43.175645623241074 16.269507206768786 14.404360813252232 16.683118554196877 22.930051769928554 43.319769212238704 69.36843436552599 85.17084451676693 111.10947642440732 125.05973838769253 111.06112849500428 89.16442638102393 54.24406672518527 42.32300757945879;
1.0 7.327445559185342 0.0 7.240436586843778 19.190064192556537 39.91593723365727 63.54681211307018 100.58234808252921 95.50458794225975 148.27177438953834 168.64787548312967 139.0523783886999 98.43958171978291 57.65952110019101 35.51726532406936 44.3031071862065 23.133184035189817 9.632574482428426 20.865595350355548 25.58241388351777 57.00995100902462 81.64634193735262 86.37833380232357 112.42857939841285 142.70001105458277 132.19979449598324 105.29817902444428 76.9463111422406 70.64027760360786;
1.0 12.947116503374746 7.197636978998609 0.0 7.417886374071658 22.041536959202112 48.06129455628876 84.05630582084787 93.03388596461531 144.8126811797655 181.35053833862105 162.9702699972392 121.14446859992731 81.73625613803874 46.62102444332722 53.47142709170102 33.08227943152311 13.616234323644584 12.58409347521098 7.331560293941106 28.49052212701614 50.4776256776547 49.100698693015836 76.48831185995516 102.26055570581411 105.20140299050271 94.41316567974053 70.30424207843356 59.27437346217025;
1.0 31.220708326351044 18.920843656198922 7.212928677147486 0.0 7.402955086582984 20.764688339429718 49.605271181959196 56.09192088032919 101.26858138123178 135.58834808049005 131.54847134181404 92.02402490609597 66.63777369450513 31.114643395386658 41.70057348600888 35.161659935474 12.415025508062831 11.447665674990203 9.80849316929889 29.786303621950392 37.675235755116276 29.190885032533817 46.507529281164594 76.33348238731766 83.04986395732486 72.43860033004762 63.52936872760648 64.01679720304342;
1.0 44.094036794419424 38.846962427140035 21.97573698021649 7.235074433558588 0.0 7.377274036064067 22.86527976705996 35.55962529110103 67.06105028512482 103.378949215692 108.30612912377816 81.74670948191806 67.90899707949191 30.839120395557057 31.18759431990678 33.196898367553956 17.810699093936016 7.976640980936193 11.865284403852602 20.372325276893964 16.196444533465122 12.80384218243083 18.39082162614143 37.58910035114385 41.67507706680758 36.5027407043196 36.827023194078336 41.703454969251155;
1.0 72.14042552834323 61.64992093412963 47.974671748883466 20.740775319228582 7.098539844979838 0.0 7.13461895386153 12.524167392722797 34.48643134320079 64.3456431311088 74.83779780765121 53.238398748049725 52.530296734060805 23.28890959119406 26.824308548149517 43.05887204895153 28.329277838022804 23.624533384878895 37.29303621164678 48.495417057834246 32.075936389516485 24.520701030427496 17.680092624930843 40.452176866882894 41.52279802816584 30.4528816420129 41.67406813249232 60.935806509053656;
1.0 101.19374452587536 97.12920835471512 83.26552895996728 49.604726514676386 22.29700757245361 7.0801056021043856 0.0 7.296093127827322 14.893544358259406 40.08897985779482 57.86509345000636 50.071570606350775 62.04522311524466 35.1516042577212 29.369094558678768 54.26320163144509 49.598512054963024 40.98170749457923 64.2961208261428 66.36955095922498 38.50404660554951 37.35376600653488 17.70359473696771 30.599234051400515 24.686945820253825 14.837320190407993 34.00904624523552 59.63115326206495;
1.0 106.57045596089701 92.96687251252101 89.71127240762877 55.14780970882898 34.83366467135592 12.136899420010428 7.286000212650419 0.0 7.495838905433917 20.61476228029873 29.914643199673353 21.50155193251161 33.1613936045482 19.688549699798788 21.904828895273386 51.37446781987638 46.02290479537625 51.47089570489494 84.22117876808865 99.35840461523392 71.66636128917223 67.9620359993436 45.22547972223893 67.51783539944276 55.01026243627122 30.327525577786652 49.14406832145262 84.74557960234604;
1.0 150.20457351634093 143.03849602376692 142.51111792865515 99.32315223848538 66.4404967946559 33.727293253015006 14.390581212043925 7.4306118751030645 0.0 7.452815730792005 22.717158321453507 28.416061492099242 53.53814107661206 44.61842777123228 38.07248848919953 77.10319096059189 82.89773507823942 85.8120123813029 128.80507357384465 137.83812933745173 97.45871530001986 98.89212082733623 62.661264753291356 77.41023005542436 56.45374409101296 30.704086704346583 56.871951429550656 102.83598378547003;
1.0 173.48646913618103 165.91372598439187 176.41308413030208 135.35665898844445 103.16665544876564 62.23286479844043 39.98426010035268 20.0211875850343 7.198220741267781 0.0 7.446583393508812 17.889964956058517 46.30577405798763 52.00245203415898 46.11910204608103 89.49520338493406 101.29909841981778 116.6486958504426 173.98342986229994 189.81451291629097 146.0156515699009 154.48991292423682 109.99947655237116 127.80592465329873 93.79642119199367 54.66354808225538 79.33031749187215 133.36774129916057;
1.0 143.87276075070045 138.00182047981824 160.624598547963 128.71455220412605 106.83909351478454 72.8107419681894 55.7919955922463 29.811536936530413 22.59796456636632 7.208600167229994 0.0 7.405222410818461 25.050255395088072 39.10305629909373 33.4426798844677 67.11128850074729 83.28451571765017 107.36085092029131 165.96795711469116 192.67604005098238 161.99611761172866 175.23053898413121 137.06166591713608 156.39231089416177 114.03608617537529 64.19551560024202 75.65169159308516 125.96895643560576;
1.0 112.8179389105208 96.1276063904342 117.00351432034623 89.49180785405065 79.92437388679582 52.9017665588436 49.89286050507448 20.701405448222623 27.421294563355378 17.472545494287946 7.212811619835228 0.0 7.365698013991771 17.501473178491853 23.94690011790414 51.53394370485666 55.20695742027828 81.80682181757204 131.319646180938 163.7304761887964 144.5893479347417 147.6740571379748 121.62944290062414 153.41551919367325 119.59861827812699 70.91419318002812 77.61609645085221 123.16587800625165;
1.0 73.35646440250974 56.13651370332115 80.55804640941456 64.07609892954038 67.24313591504799 52.00869331476998 61.15339531167432 32.8566799769638 52.298153095465885 44.701458201142806 24.809645578890184 7.321844572868049 0.0 7.443809108607565 17.442260143270552 32.07413765017655 31.45106116504301 60.776194286384964 101.55923523073861 138.93821879727062 134.05064811535738 136.21777050817437 124.50103375501382 158.83412636924436 130.41836471485195 79.50689081029758 74.38891431075446 109.26669201353765;
1.0 47.97503899061392 34.823961188985244 45.04482284334572 30.201013475266244 30.093938576893624 22.456580265340673 34.67242181793989 19.58159603604673 43.57348825367036 50.46377906424323 37.94622410304135 16.88278967734588 7.203642941041909 0.0 7.496898781360645 17.53143450074686 11.574996641129996 28.44891701096842 56.73871517265224 85.05788415735415 80.64323577520847 81.16127864402475 76.807026358823 106.35659373822065 87.13726115458934 52.23219298048825 47.907804451374766 73.4794515291961;
1.0 42.25119842613501 43.4634111416094 52.01068909319848 41.265788478378155 30.921349770473185 26.337298192759093 28.389766073160757 21.588438602798714 36.91210852390323 44.60538930572692 33.055290225585146 23.295701220185887 16.782107729658627 7.251641379834663 0.0 7.343371485400397 14.257554111212947 21.976367267490925 53.44814095358431 70.98441402166775 62.92734951843664 76.84069009733238 67.55020617360697 82.24439209998528 56.9278161543042 26.601067298443223 20.13996649678914 40.826998943373574;
