% Given: symm. border matrix produced by interval analysis on Maple (ize)
% RETURN: symmetric border matrix
%	at which we start pert to search for conf.
%
function symMat = molstruc7exp()

symMat = [ 0 1 1 1 1 1 1 1;
 1 0 1.161752840 2.337522718 4.604986810 4.607784500 4.604128490 2.331837500;
 1 1.161752840 0 4.597581148 7.859518661 4.966824976 8.034930259 4.690510743;
 1 2.337522718 4.597581148 0 1.167148090 1.182232088 1.158338982 6.294480970;
 1 4.604986810 7.859518661 1.167148090 0 3.109333405 3.110384960 6.411087500;
 1 4.607784500 4.966824976 1.182232088 3.109333405 0 3.079757220 10.73198750;
 1 4.604128490 8.034930259 1.158338982 3.110384960 3.079757220 0 10.31503750;
 1 2.331837500 4.690510743 6.294480970 6.411087500 10.73198750 10.31503750 0]; 
%
% molstruc7exp
