0,1,1,1,1,1,1,1
1,0,1.1618,2.3375,4.6479,4.5668,4.5616,2.3192
1,1.1618,0,4.5976,8.2267,4.9862,8.1322,4.6929
1,2.3375,4.5976,0,1.1455,1.1748,1.1724,6.3118
1,4.6479,8.2267,1.1455,0,3.1418,3.0751,6.3704
1,4.5668,4.9862,1.1748,3.1418,0,3.0837,10.759
1,4.5616,8.1322,1.1724,3.0751,3.0837,0,10.122
1,2.3192,4.6929,6.3118,6.3704,10.759,10.122,0
